$ANSIBLE_VAULT;1.1;AES256
35336631316461343336336538343139353961616165656634326162376239633362333237643263
3330316562366539393937303134303437333636653463380a336535393834633064373231663335
36666333343566386162656264363463393333366332633363343362396465316233343938613630
3933306636666562620a616130626633386161336164633663613532303235313961623732323366
35386163623736323266336264313030373137623237633438313865366165616131613931316561
64636230626339363438646236653236303164326566623738626137316536346338333533393537
61343863663139376333663936663737383233383630396264666337643136383737393261343530
36383134663637306335333762373665316465623930343166316264343561323133323131636665
35393766396237646464636561313965383566636239366162633830303063396631336462333037
32363437356332343032306562386562326431623937323264356334333433653561326535343766
32303535653562393963636262383863393731306432353637623434303761323239343635356537
31653466383838363966656538313332356237366534633837303866323536303732666165643938
34636532303836313536366236383864646635653635313064336335633132346663373136646330
62373431313937616461353030633462616564666437623465353663626165396636636531623130
34383561383539383237336138303335653433613538633964386430653466353262613864363832
65643135613430303437336637626365333731376565613033633862643363626264326233373161
6466
